[DASH_CAM]
POS=0.362438,0.897184,-0.298294
EXP=33
