[DASH_CAM]
POS=0.377905,0.896806,-0.24944
EXP=33
