[DASH_CAM]
POS=0.343714,0.915957,-0.440719
EXP=33
