[HEADER]
EDIT_MODE=0
INTENSITY=100.0
EDIT_BIG=1
EDIT_STATE=2
BURN_FUEL_MULT=2
FLASH_THRESHOLD=3

[FLAME_0]
POSITION=0.500654,0.1876523,-2.287024
DIRECTION=0.1818646,0.1616574,-0.9699444
VSIZE_START=1.3
VSIZE_END=0.4
LSIZE=0.6
SIZE_MULT=3
IS_LEFT=1
GROUP=0

[FLAME_1]
POSITION=0.5917925,0.1916604,-2.276051
DIRECTION=0.1818646,0.1616574,-0.9699444
VSIZE_START=1.3
VSIZE_END=0.4
LSIZE=0.6
SIZE_MULT=3
IS_LEFT=1
GROUP=0

