[DASH_CAM]
POS=0.375807,0.912651,-0.285744
EXP=33
