[HEADER]
EDIT_MODE=0
INTENSITY=000.0
EDIT_BIG=0
EDIT_STATE=0
BURN_FUEL_MULT=0
FLASH_THRESHOLD=0

[FLAME_0]
POSITION=0.5125803,0.1875115,-2.282993
DIRECTION=0.2060512,0.1132937,-0.9719607
VSIZE_START=0
VSIZE_END=0.0
LSIZE=0.0
SIZE_MULT=0
IS_LEFT=1
GROUP=0

[FLAME_2]
POSITION=-0.345125,0.1061853,1.042899
DIRECTION=-0.3152868,-0.9320538,-0.1785214
VSIZE_START=1.0
VSIZE_END=0.2
LSIZE=0.6
SIZE_MULT=1
IS_LEFT=1
GROUP=0
