[SETTINGS]
WIDTH=1.10599493980408
LENGTH=2.47630882263184

