[DASH_CAM]
POS=0.35129,0.875402,-0.389759
EXP=18
