[HEADER]
EDIT_MODE=0
INTENSITY=10
BURN_FUEL_MULT=1.5
EDIT_BIG=1
EDIT_STATE=2
FLASH_THRESHOLD=1

[FLAME_0]
POSITION=0.4099046,0.1918157,-2.24
DIRECTION=0.2585676,0.1266288,-0.9576576
VSIZE_START=0.15
VSIZE_END=0.1
LSIZE=0.2
IS_LEFT=1
GROUP=4

