[DASH_CAM]
POS=0.345019,0.990306,-0.285383
EXP=23
